time,x,y,z,phi,theta,psi,x_velocity,y_velocity,z_velocity,phi_velocity,theta_velocity,psi_velocity,rotor_speed1,rotor_speed2,rotor_speed3,rotor_speed4
0.06,-1.0203211909752494e-07,2.6212406798152728e-08,10.0066137162042,2.7894411434914446e-05,9.85367223940159e-05,0.0,-9.530123314469477e-06,2.5642722980867652e-06,0.22043987586878028,0.0013789596711463684,0.004739876237908156,0.0,472.762019316809,473.126990819059,474.1541377896088,474.26003436746606
0.12000000000000001,-4.109754039082595e-06,1.4607087165378396e-06,10.025355613963473,0.0003536009572373544,6.299409854015892e-05,0.0,-0.00014173704005252528,6.979501906408739e-05,0.40424238902708515,0.012497578219399574,-0.014268783887393227,0.0,463.8332488146069,462.3382864004045,462.074615250249,462.9500697519112
0.18,-1.073116200960084e-05,1.5316933375861515e-05,10.051707787889624,0.0010026748070428582,6.2823983344886365,0.0,4.235349870365023e-06,0.00046052507417544957,0.4741364436303886,0.007227071731073673,-0.013961565776807135,0.0,427.0451568589342,427.07145920751725,428.0189984988987,427.5701684829578
0.23999999999999996,1.0111112503291848e-05,6.644910203634622e-05,10.08425238936341,0.0013503003183696904,6.28137811640206,0.0,0.000789339279204011,0.0012859476850380779,0.6106198860952327,0.0027607765734880734,-0.023912551813459085,0.0,449.3256258126111,448.51837143426826,448.42553683202027,448.0625406508654
0.3,0.00010362672426107653,0.00017463247266001543,10.125454803372827,0.0018091623427869408,6.279785539711217,0.0,0.00249307728428165,0.0023558918226101715,0.7627038802292626,0.015968181126988976,-0.0324037478020971,0.0,453.6807250177829,452.99838932902554,453.1957259788217,454.25581218359827
0.36000000000000004,0.0003229758431717867,0.0003530519935470062,10.17221401000429,0.0027765521033797924,6.278208816865227,0.0,0.00497863073597184,0.0036800645869798916,0.7959127315036696,0.016431321113050387,-0.016214415793105702,0.0,415.10304624076764,416.5208591613055,415.7251255636099,415.7656276785353
0.4200000000000001,0.0007452779547855185,0.0006457119003216575,10.226263965490423,0.004403503181705126,6.27714719646675,0.0,0.009217341838764721,0.006236058194203623,1.0055903090247,0.04272246031884942,-0.020829489103182126,0.0,471.84302179379677,471.48673413426917,469.4875617781364,471.52288429692396
0.48000000000000015,0.0014346704067259744,0.001125829338637407,10.290680034932514,0.006807316050545076,6.275571270688548,0.0,0.013909840857640143,0.010034418157427531,1.1414834720982194,0.03413230265011617,-0.040291906468178734,0.0,450.4099680515578,448.83317915707266,449.0847856974588,448.38835192682706
0.5400000000000001,0.0024642623172065805,0.0019027601682275164,10.365697725000313,0.009527447957968782,6.2731390001438445,0.0,0.02069746980327979,0.016153603322306857,1.3588686122122395,0.0614966552292855,-0.04103417502442984,0.0,474.02798679211674,473.97020774691816,472.9300779222944,475.03383216236017
0.6000000000000002,0.003954970162732693,0.003114442185074399,10.453266668581225,0.01361532996581527,6.270679919786371,0.0,0.02927787376740846,0.02469086477410878,1.559835542432881,0.07887750046652924,-0.040885877994227535,0.0,470.71551414768396,470.7262079292988,467.9354504201429,469.2895443294745
0.6600000000000003,0.0060256005457415135,0.004946790890014108,10.553413414585812,0.017981102384550418,6.267990435344435,0.0,0.04004455780255958,0.0369314552531321,1.7780631137072793,0.056290183664674136,-0.05417040542012552,0.0,476.672958523919,475.65572060913877,475.306885083495,473.5764226474302
0.7200000000000003,0.008774028388777113,0.007570494781636646,10.664325427342009,0.021798882980537115,6.264797691548797,0.0,0.05191405810634209,0.05091283548534384,1.9187644773877202,0.07529341703835077,-0.051362781751388996,0.0,452.8309694411466,453.0549446650231,451.7964458366982,453.3286960052247
0.7800000000000004,0.012322483709238047,0.011144347039641076,10.784658337305126,0.027217725807665794,6.261730282146914,0.0,0.06670899153714696,0.06878052778861014,2.092010366960399,0.1101908779484846,-0.050649320244743064,0.0,463.45172386504527,463.5062415419839,461.4625156763116,464.21489192898247
0.8400000000000004,0.016690549991444693,0.015743325989977023,10.909115618624282,0.033882562485954004,6.258749186353709,0.0,0.07914130582871533,0.08506452040923101,2.0566069905169275,0.11280169949432983,-0.047823372829770255,0.0,395.9183545525695,396.17638611049165,396.35232118298075,396.60474454784264
0.9000000000000005,0.022014024455928854,0.021656374703260872,11.037869148127784,0.04085331457700647,6.255459565458889,0.0,0.09864231435183993,0.11280586272818738,2.2348063454212825,0.12219331133689051,-0.0749663738058533,0.0,465.8133731180356,463.683916650194,465.41582346611483,466.1616037375155
0.9600000000000005,0.02862364763148339,0.029446828333856888,11.178498402362226,0.048275269096072826,6.251468259365307,0.0,0.12216815774047302,0.1477370920744828,2.45233733888336,0.12655001012856593,-0.05348516845346792,0.0,477.4446428800582,479.0775493275336,476.9278870603004,477.2732290878781
1.0200000000000005,0.03663409921661019,0.03935782653793133,11.329035345417582,0.055785350637885145,6.248937535296092,0.0,0.14513045066218686,0.18340103198274407,2.56525857249296,0.12225312707702919,-0.02590862960150459,0.0,445.72666755965497,447.9734581259052,447.64110190005965,447.3054404525973
1.0800000000000005,0.04613640658523488,0.05167521548764126,11.488253328615437,0.06306496715534848,6.247290240560126,0.0,0.1717797795405417,0.227981940744389,2.741538570073138,0.11940903454869627,-0.03074164817684376,0.0,468.10653578537676,467.7301542272476,466.48809647207935,466.2784998039823
1.1400000000000006,0.05724966642323657,0.0667861821757632,11.657300663548185,0.07002922448064197,6.24566393790392,0.0,0.19883746768935537,0.2764666144806365,2.8929330307807257,0.10838982094880667,-0.020676982657418474,0.0,459.6287330723843,460.42552305738946,461.6693154244901,460.8105250198592
1.2000000000000006,0.06994690173384645,0.08481997125887986,11.833481619173526,0.07604832430350505,6.244264651764766,0.0,0.22452583380740698,0.32527730427962975,2.979479955629982,0.07477817035375671,-0.029217512343484155,0.0,441.6484609106307,440.94341172695374,442.99151185163333,440.2272291564238
1.2600000000000007,0.08413742192919157,0.10574371583906736,12.012859983687678,0.08091118665764618,6.242208944409793,0.0,0.24865796930152526,0.3725974809320477,2.9996924401445444,0.09130401058082083,-0.046975609503817774,0.0,421.436414411935,419.8980234634743,419.6701026086749,421.1077154625463
1.3200000000000007,0.09989602065048425,0.12975368976926718,12.195338695536238,0.08631177644423182,6.239150166751788,0.0,0.27690964810073,0.4282537254956204,3.0826357215395315,0.0872890349777855,-0.060511100869730244,0.0,441.58419880785385,440.4644685124525,441.4795422606546,441.15496984157727
1.3800000000000008,0.1175273044513088,0.1574303268477653,12.385295716434593,0.09156694230020346,6.235416301072437,0.0,0.3111900867469869,0.49484083598066836,3.2487128373431315,0.08817330363928082,-0.06591255931300959,0.0,466.77823065573193,466.35391227670993,468.2928212674723,468.36753210534636
1.4400000000000008,0.13721518716850276,0.18905718867918822,12.583442119230826,0.0969066660725808,6.231841341049758,0.0,0.34544239775929025,0.5598994458103045,3.3557612863796833,0.09058979283615731,-0.04924334459997092,0.0,449.3003018552261,450.64720920376067,451.05786826973855,451.25945101335344
1.5000000000000009,0.158985348934811,0.22461538710424483,12.787150088506246,0.10240457432205918,6.228569058248421,0.0,0.38052060923389525,0.6258826419539694,3.4341717501018385,0.09363697802001535,-0.06807887422329466,0.0,442.8502902487526,441.29605749571135,442.6525667165376,442.91035362733084
1.560000000000001,0.18290994282385875,0.26420467874155823,12.995188478529437,0.10795561765778938,6.224330991158929,0.0,0.4173563620820915,0.694270354033287,3.50012665903322,0.09018032851109552,-0.076306804302549,0.0,438.9162166164835,438.22887252671615,439.94182110359907,439.6628225272466
1.620000000000001,0.20931355184567432,0.30833836070349147,13.210222362319598,0.11359230128635378,6.219462321689738,0.0,0.4632569939792615,0.777399684199963,3.66700109426905,0.10056903561894831,-0.09318733851080442,0.0,471.65360120554254,470.34297147853647,470.7144032904816,471.5245698841767
1.680000000000001,0.2382719119028931,0.35703426827215345,13.430431618994438,0.12049271070846235,6.2137789212987595,0.0,0.5025156453661161,0.8463576884552889,3.6731423054297028,0.13435149446510988,-0.09798471689542051,0.0,422.6067124147346,422.18481698878406,419.7167831570901,422.65067497072914
1.740000000000001,0.27004907763429836,0.41061611752081184,13.656056412412967,0.12893047619622422,6.207853231240669,0.0,0.5573469580286479,0.9405465831272881,3.8468819817541022,0.15089254771648186,-0.10036088021878237,0.0,475.38055663689266,475.1907433278871,473.92034830798303,475.2069075804276
1.8000000000000012,0.30517906257678784,0.4699177200165514,13.891113761592923,0.13797610698266993,6.201479634503869,0.0,0.6142777656290905,1.037062551039612,3.9876197483849247,0.15049546080290713,-0.12176278980146184,0.0,467.47914057321856,465.79877362889135,466.7405317190919,466.7297366770769
1.8600000000000012,0.3438406712823112,0.5351575136908764,14.134239894839915,0.1467457103591494,6.195089448777717,0.0,0.6751168945404188,1.138449152204432,4.115842634674156,0.13566934494270053,-0.08641612285171404,0.0,461.8676865340942,464.6370541474259,466.1914288692,465.05023448533825
1.9200000000000013,0.38625985756783227,0.606622601478337,14.384757706725518,0.15470891318272884,6.190039368380003,0.0,0.7393450000028347,1.2444651867712577,4.234041304983822,0.12605870347566853,-0.08001592571662047,0.0,463.1999194527079,463.69751477300207,462.7007108269527,461.9588262071957
1.9800000000000013,0.43245936903713844,0.6843159538587408,14.64045516248328,0.16224324897719633,6.185515520986341,0.0,0.8010527391570911,1.3459629645461348,4.288741843365524,0.12458222686110496,-0.06747584082480534,0.0,443.2859103152449,444.31075120549417,445.22123951664815,445.11472865224096
2.0400000000000014,0.4821985900832969,0.7678314747449289,14.896929005648444,0.1693384598036518,6.1815715866629795,0.0,0.857251873129498,1.4384751693759494,4.260260209490127,0.10096162655229789,-0.0624566353563458,0.0,417.6676907252876,418.10175722712006,419.2070490434203,417.1624569518869
2.1000000000000014,0.5361434879294873,0.8582810370617174,15.159061960912554,0.17588784808691305,6.17722497070047,0.0,0.9412578290459582,1.5770674837143137,4.476347056873429,0.12188567516307773,-0.11970696015138924,0.0,496.4927421452602,492.26921471731623,494.3755609143044,495.9239808604307
2.1600000000000015,0.5948311498604134,0.9565159941117961,15.43028501414801,0.18288538283103506,6.170402839826654,0.0,1.015646716053978,1.6980239093378657,4.563712965977817,0.1032107721708291,-0.10380871308132834,0.0,457.8669612635952,459.1189574424787,459.42983255211766,457.95813696924193
2.2200000000000015,0.6579073323986572,1.061801263208606,15.704898078082373,0.18907521697404306,6.164256345447098,0.0,1.087428091907698,1.8119614707102767,4.589629725135137,0.1030700755761377,-0.09984067655511032,0.0,439.5699045354634,439.8894182384156,441.26422076375775,441.2619405345274
2.2800000000000016,0.7254544442184491,1.1741106068902767,15.981449026302796,0.19635298317803862,6.158469132890183,0.0,1.1646492584692918,1.9322156778115391,4.628217647057891,0.14385836604908844,-0.09042317976478548,0.0,444.41985757767014,445.18321848579313,444.6265688616497,447.96842560925194
2.3400000000000016,0.7977765982662256,1.2938244498255538,16.26054287024708,0.20492999612571516,6.1531119363541436,0.0,1.2465451926937845,2.058933875272937,4.674297094084306,0.14107138230594082,-0.08710667993413947,0.0,449.5953368493629,449.8574505759396,448.6586955215895,448.4511792467154
2.4000000000000017,0.8753693160671296,1.4216947528781274,16.544257791024915,0.21417589284401028,6.148290901612533,0.0,1.3402993015729463,2.2041383318144185,4.781916190668794,0.1721019803808728,-0.06944516840946084,0.0,469.3208478462144,470.68489427080715,468.3645648060491,470.7923517222844
2.4600000000000017,0.9578180312604664,1.557107502505321,16.82818081133591,0.22419028283438003,6.144367313694115,0.0,1.4083074903066803,2.3103668654246223,4.682216685104361,0.15371538576558433,-0.058323516470149786,0.0,402.0424492369129,403.0453557305825,404.6286417639462,402.9991066802767
2.520000000000002,1.0445573572718043,1.6992776195460795,17.107167081131628,0.23310274575672718,6.140692399505813,0.0,1.4832792042987115,2.4293059497315146,4.617191348495028,0.13541712609880782,-0.06785242719910346,0.0,415.4348561738894,414.59532563881226,416.5695461080566,414.98823925760325
2.580000000000002,1.1370198670936458,1.8505921528510811,17.390087797831402,0.24145538898596985,6.136660044785486,0.0,1.5990963497370718,2.6151257068508014,4.8120516959336115,0.14587805193223885,-0.06594387046355586,0.0,498.3640357337261,498.5006921062985,498.15364405174404,498.93369211905525
2.640000000000002,1.2357824634841268,2.012037268762197,17.679784089641707,0.25020321528166,6.132705312588374,0.0,1.6932766619481616,2.7670077188151496,4.843810732748736,0.14563491404126838,-0.06584897536036258,0.0,452.39856392458427,452.40307079944046,450.3678177101726,450.36773144119917
2.700000000000002,1.3401319787339219,2.18252314208068,17.970475303964673,0.2592743667835169,6.128478978593655,0.0,1.7853348959605466,2.9164816569333585,4.845337396597641,0.16044707036494438,-0.08170926997194893,0.0,443.36463955738157,442.0554741733527,442.6687910764429,443.9075971382333
2.760000000000002,1.450528072095518,2.362861464084607,18.26396069917279,0.26897204169278943,6.123544525764856,0.0,1.8948938991216993,3.095472331205011,4.9363860409835265,0.16388786397618624,-0.08332517659166949,0.0,472.4124433177444,472.2827545527785,473.4984113197683,473.7861573266385
2.820000000000002,1.5678606164751405,2.554555341588043,18.564407566475193,0.2789554174476576,6.11851888015023,0.0,2.0165409053780015,3.2949951255098378,5.077032738315433,0.17096871380979134,-0.08464589448834813,0.0,489.4607683846058,489.3574273143637,491.3794646788366,491.927673060635
2.880000000000002,1.6922029649146404,2.7577610824890133,18.870925910274387,0.28887868823779694,6.113376462712203,0.0,2.128558117911357,3.4791920443303566,5.139146053302274,0.15088219103636155,-0.08791678442636766,0.0,469.42310794874254,469.1635472086622,470.282702665955,468.7482044415487
2.940000000000002,1.823445866006181,2.9723220148508855,19.181548495863744,0.29855663033728064,6.108497587475499,0.0,2.2465383588480106,3.6733995744390984,5.2137392070178485,0.17659881173193803,-0.07061275546506399,0.0,474.6425501720948,475.9639569539487,474.9846255517087,476.9754479080296
3.000000000000002,1.961740283195129,3.1985139579855413,19.495936531811644,0.3094575671309894,6.104606939740783,0.0,2.3634961402338424,3.867004507397624,5.264717314028999,0.19027639779151523,-0.05527280172847319,0.0,469.97369744571137,471.15849452573696,470.4746460909544,471.56236084278527
3.0600000000000023,2.1060815620223168,3.4347557536657543,19.80785190054355,0.32093671671136015,6.101370354302716,0.0,2.4481146974428016,4.0084671273541055,5.13241807735183,0.19332399751836116,-0.05140908171520459,0.0,410.8525113863612,411.19283548354775,410.97083544223113,411.27982299333496
3.1200000000000023,2.2561342701034626,3.6806487499011755,20.114842996510067,0.3321072241615788,6.097991160268304,0.0,2.5538043657995453,4.18866956525754,5.09990630809017,0.16541542509429324,-0.06859930774275462,0.0,446.29220027798016,444.8843131033435,448.1253161093037,445.88314596019336
3.1800000000000024,2.412834511646341,3.937949457954684,20.42108307552937,0.341607786060373,6.0938179442038685,0.0,2.669755449819383,4.388526040602733,5.107135547389469,0.1379219135553889,-0.07153287836400456,0.0,461.66689776704834,461.4318384336239,461.7700727487072,459.61789838928985
3.2400000000000024,2.5760069981019695,4.206405368479819,20.724975132293427,0.34949801761158117,6.089557490334091,0.0,2.769598612437379,4.560417672356168,5.022259937782884,0.11386009989467843,-0.06997765391848952,0.0,432.0274251324378,432.1545479295276,432.70664916504563,430.6918281216973
3.3000000000000025,2.745512004140274,4.485752092772596,21.025083561291275,0.3562610195428242,6.085674729672945,0.0,2.8807880796128567,4.751380943286136,4.980774336647262,0.11032808180051654,-0.055850462829734264,0.0,447.6082665610221,448.7536499034745,447.3219864302174,447.0453980362485
3.3600000000000025,2.9218572234748703,4.776831936755501,21.323199035857453,0.36298702096535074,6.083230861157389,0.0,2.997473969899588,4.951478049893148,4.955734088857281,0.11542439989309379,-0.020760408091493654,0.0,453.36523035585157,456.17546336295726,454.12308231163877,454.54262461641537
3.4200000000000026,3.1054667308200252,5.0804130071809785,21.620867106128483,0.37029089770296153,6.0817254284426205,0.0,3.122749898827152,5.168072020803882,4.965623196246866,0.132034921721538,-0.035579586753516614,0.0,468.41520553680294,467.2609738316816,466.8372272016067,468.1442670667953
3.4800000000000026,3.2968328545267953,5.397480877943862,21.920095073874585,0.3783776319387284,6.079943477200896,0.0,3.2560348601008573,5.401037962225156,5.007417876791564,0.13976344392170673,-0.019970530267437288,0.0,478.74190641681406,479.92814864881444,480.58418753158776,481.1849704698943
3.5400000000000027,3.495519401449802,5.727392535617567,22.218647348420834,0.38651398856616037,6.078729083905271,0.0,3.366800983565043,5.59633326466042,4.9437841589107725,0.12563886362970908,-0.020784073162993775,0.0,447.56867121298325,447.50246352017496,448.4167689238243,447.28429229182535
3.6000000000000028,3.700721417229784,6.068859760600864,22.512736945664056,0.39387969799083056,6.077500991753441,0.0,3.4732396727165997,5.786165892946975,4.858825700221669,0.11628482386201403,-0.019843883186945594,0.0,441.7458681716782,441.82343062347485,441.53603187862484,440.77714891282284
3.660000000000003,3.911929195681454,6.421074307197881,22.79999900424376,0.4005777004676929,6.076128901652796,0.0,3.5670610956731346,5.954604011693416,4.7166035100295245,0.1001782812841855,-0.029730525271046256,0.0,421.84694269316606,420.99200450783474,422.64116875355916,421.2618930676121
3.720000000000003,4.129523751361523,6.784833117489381,23.08199847697483,0.4067803339467746,6.074123384610473,0.0,3.6860476485223455,6.170699584591841,4.6826731024714086,0.1091060087146838,-0.042085063040397226,0.0,459.07191171979605,458.08983891164434,461.03311634338127,461.74697927046753
3.780000000000003,4.354078863633205,7.161236574328038,23.361066533291794,0.4129253114367524,6.07200933349041,0.0,3.7991389452164994,6.376138225682157,4.619044706023465,0.08365068693411579,-0.024200590378504274,0.0,449.87697543623165,451.32259722850586,453.3143915134767,451.27228096759154
3.840000000000003,4.585922783966796,7.5509177970677035,23.638374951886146,0.41788201819553095,6.070902289956896,0.0,3.9288240255065325,6.613022998740993,4.623641054727916,0.08044995215068061,-0.0089020907644985,0.0,475.03047513953436,476.20253855463085,475.92173479302005,475.681673405412
3.900000000000003,4.825085043436099,7.9539703873634915,23.91398455481848,0.42251535349141633,6.070239411918493,0.0,4.043105512156184,6.8219588212484386,4.562892596617342,0.06983142561236029,-0.015727977146410596,0.0,455.75960819389354,455.21368108363697,456.21230187836807,455.367944217186
3.960000000000003,5.071167245942473,8.369704387127376,24.186239092444243,0.4271765587412881,6.06918489437405,0.0,4.159504485889888,7.035664980728092,4.511733285925917,0.0899998293185953,-0.02155238488861814,0.0,460.01138227457204,459.54987802130074,459.36136767416696,460.9628338624753
4.020000000000002,5.324483656974282,8.798756734219243,24.456465062484924,0.433119855002035,6.0683624757276675,0.0,4.284182415474294,7.265899859980017,4.494929253190353,0.11281546561391964,-0.0014006980487119413,0.0,473.11289590423144,474.66245663958983,471.08222145971604,472.85125479784904
4.080000000000001,5.585179568182802,9.241491559217039,24.725283198900662,0.439600568510329,6.067743846575054,0.0,4.405416317221075,7.491837475306534,4.464843513704408,0.09608048896511291,-0.04158696572652874,0.0,472.3638212699341,469.2536398763076,470.7463713876495,469.45866342703283
4.14,5.852775676276574,9.697099444802648,24.99073872833891,0.44535478490937574,6.065308445199728,0.0,4.514461557973378,7.694991853255839,4.383191198288428,0.09554774672942663,-0.03866767431313996,0.0,454.10391248429636,454.33728779637283,455.0087431092752,454.9736785170642
4.199999999999998,6.1265156860285375,10.16410016686644,25.249576511592437,0.4520705658411437,6.063238556392516,0.0,4.610255289560713,7.871763191747747,4.2446410201502305,0.13298946952847548,-0.027247572602839623,0.0,434.11862790842616,435.0756139386385,434.45114660450713,437.59089165480833
4.259999999999997,6.406587665728901,10.642863078864885,25.502398745039702,0.4607248736688119,6.061507590716669,0.0,4.725353499888241,8.08700922019108,4.181949415334661,0.16043697417464778,-0.0322621506403247,0.0,462.68503175546726,462.28973707517423,462.10652095833177,464.28373856047494
4.319999999999996,6.693011622871521,11.133501944642655,25.74918656656796,0.4705264624585581,6.059210669680855,0.0,4.822112253282974,8.267850571280078,4.043953257837394,0.1686376200955639,-0.0544030796507736,0.0,438.370275835799,436.5250512768644,438.0671322542186,438.77451017676896
4.379999999999995,6.985368210223079,11.635277202615903,25.988086400700627,0.4801498057592273,6.056124482028357,0.0,4.923161710002729,8.458156834024605,3.918828719991697,0.13382006594452095,-0.046082228332640036,0.0,443.0943076508098,443.77635809827626,445.3165232559165,442.4818314377703
4.439999999999993,7.284197146905836,12.149293986925572,26.220912203519124,0.48815678783530103,6.053101352362816,0.0,5.037768737242458,8.675617141191657,3.841225648478759,0.1326993220357063,-0.06079155237626361,0.0,462.2982515571428,461.13581456197255,462.2177919258535,462.1450764514762
4.499999999999992,7.588820440247677,12.674169388529352,26.444860385572447,0.49649662721404386,6.049524456425118,0.0,5.116546307126669,8.820461089344485,3.623980816375923,0.14928758831757,-0.05736078895502862,0.0,410.60269133915233,410.9042435926674,411.5090093791249,412.9947200102774
4.559999999999991,7.899126634086058,13.209619487597912,26.659195837392677,0.5058761325308696,6.045914327616128,0.0,5.227016148094205,9.027826530295325,3.5197835351203217,0.16759218289027947,-0.06647430317532875,0.0,453.71603845000595,452.9809941862793,454.0534989753336,455.5423641857892
4.6199999999999894,8.21601316681607,13.757395260878878,26.866924955074523,0.5163779002897471,6.041977495650482,0.0,5.335918795866017,9.231371361642124,3.4037306938906142,0.18680821220131383,-0.06394704372322085,0.0,451.92641480388585,452.1270445104925,450.58400421149435,452.1639721721554
4.679999999999988,8.539541531978616,14.31758777960646,27.067876542087905,0.5274941435508902,6.038137701498616,0.0,5.448366394864884,9.441711897749665,3.2937099687731424,0.18200876502560429,-0.06409575756654216,0.0,455.9198022732777,455.90504012270185,456.2147507413384,455.8635599443897
4.739999999999987,8.869754902442631,14.890270401013366,27.26182174208982,0.5382195075643139,6.03403826063712,0.0,5.558766981517867,9.647672809745595,3.1702810158725327,0.17130694129407423,-0.07850599624370033,0.0,453.7409626259725,452.57867317399257,453.90698706403845,453.07707920795457
4.799999999999986,9.205964784351208,15.474015253918257,27.446053714001824,0.5483832325042437,6.0291897746465075,0.0,5.648416994113766,9.81059536505137,2.970590715570907,0.16527485393870908,-0.08585987571455848,0.0,425.4853211937837,424.8493891937807,427.1108130162379,426.62460163856815
4.859999999999984,9.547280982350276,16.066928383032877,27.61724666121611,0.5584616349385731,6.024992687629766,0.0,5.729007439320992,9.953357074947853,2.7359553769298524,0.1728811417924341,-0.049291911977207156,0.0,411.1227925549917,414.3467843096764,411.44766386593386,412.1501850026626
4.919999999999983,9.893502428571919,16.668517480590765,27.77449913775254,0.5683595657713214,6.021752906570853,0.0,5.811812703606765,10.099788598539638,2.505883130233111,0.14033845273546589,-0.06562358135965259,0.0,414.77779146266175,413.33812691802115,415.04100038506414,412.2010106178037
4.979999999999982,10.244876733958117,17.27923602716027,27.918468286697973,0.5768624826087567,6.017556505499472,0.0,5.90080850858626,10.257477277930294,2.293111992779908,0.14433285113810007,-0.08038290044965614,0.0,420.94844650810677,419.66462541881845,420.8480412357442,421.2136816951789
5.0399999999999805,10.60188803431179,17.89994234457296,28.050487295582503,0.5858267766076617,6.013707423795786,0.0,5.999660571257866,10.432593188921578,2.1072590481081,0.1579846463706535,-0.0432138560973549,0.0,429.9521222503788,433.0872906872697,431.34714361871573,432.5204569124478
